pickle load: 0.015614986419677734
game clock: 30.0
game clock: 29.998
game clock: 29.997
game clock: 29.997
[398, 398]
[398, 398]
[398, 398]
[398, 398]
[398, 398]
[398, 398]
[398, 398]
[398, 398]
[398, 398]
[398, 398]
[398, 398]
[398, 398]
[398, 398]
[398, 398]
[398, 398]
[398, 398]
[398, 398]
[398, 398]
[398, 398]
[398, 398]
[398, 398]
[398, 398]
[398, 398]
[398, 398]
[398, 398]
[398, 398]
[398, 398]
[398, 398]
[398, 398]
[398, 398]
[398, 398]
[398, 398]
[398, 398]
[398, 398]
[398, 398]
[398, 398]
game clock: 29.519
